80 01 81 01
00 00 00 00
00 00 00 00
00 00 00 00
00 00 00 00
80 00 83 00
84 01 06 06
06 06 06 06
06 06 06 06
06 06 06 06
06 06 06 06
06 06 06 06
06 06 06 06
06 06 06 06
06 06 06 06
06 06 06 06
06 06 06 06
06 06 06 06
06 06 06 06
06 06 06 06
06 06 06 06
06 06 06 06
06 06 06 06
06 06 06 06
06 06 06 06
06 06 06 06
06 06 06 06
06 06 06 06
06 06 06 06
06 06 06 06
06 06 06 06
06 06 06 06
06 06 06 06
06 06 06 06
06 06 06 06
06 06 06 06
06 06 06 06
06 06 06 06
06 06 06 06
06 06 06 06
06 06 06 06
06 06 06 06
06 06 06 06
06 06 06 06
06 06 06 06
06 06 06 06
06 06 06 06
06 06 06 06
06 06 06 06
06 06 06 06
06 06 06 06
84 00 83 01
84 01 06 06
06 06 06 06
06 06 06 06
06 06 06 06
06 06 06 06
06 06 06 06
06 06 06 06
06 06 06 06
06 06 06 06
06 06 06 06
06 06 06 06
06 06 06 06
06 06 06 06
06 06 06 06
06 06 06 06
06 06 06 06
06 06 06 06
06 06 06 06
06 06 06 06
06 06 06 06
06 06 06 06
06 06 06 06
06 06 06 06
06 06 06 06
06 06 06 06
06 06 06 06
06 06 06 06
06 06 06 06
06 06 06 06
06 06 06 06
06 06 06 06
06 06 06 06
06 06 06 06
06 06 06 06
06 06 06 06
06 06 06 06
06 06 06 06
06 06 06 06
06 06 06 06
06 06 06 06
06 06 06 06
06 06 06 06
06 06 06 06
06 06 06 06
06 06 06 06
06 06 06 06
06 06 06 06
06 06 06 06
06 06 06 06
06 06 06 06
06 06 06 06
06 06 06 06
06 06 06 06
06 06 06 06
06 06 06 06
06 06 06 06
06 06 06 06
06 06 06 06
06 06 06 06
06 06 06 06
06 06 06 06
06 06 06 06
06 06 06 06
84 00 83 01
84 01 06 06
06 06 06 06
06 06 06 06
06 06 06 06
06 06 06 06
06 06 06 06
06 06 06 06
06 06 06 06
06 06 06 06
06 06 06 06
06 06 06 06
06 06 06 06
06 06 06 06
06 06 06 06
06 06 06 06
06 06 06 06
06 06 06 06
06 06 06 06
06 06 06 06
06 06 06 06
06 06 06 06
06 06 06 06
06 06 06 06
06 06 06 06
06 06 06 06
06 06 06 06
06 06 06 06
06 06 06 06
06 06 06 06
06 06 06 06
06 06 06 06
06 06 06 06
06 06 06 06
06 06 06 06
06 06 06 06
06 06 06 06
06 06 06 06
06 06 06 06
06 06 06 06
06 06 06 06
06 06 06 06
06 06 06 06
06 06 06 06
06 06 06 06
06 06 06 06
06 06 06 06
06 06 06 06
06 06 06 06
06 06 06 06
06 06 06 06
06 06 06 06
06 06 06 06
06 06 06 06
06 06 06 06
06 06 06 06
06 06 06 06
06 06 06 06
06 06 06 06
06 06 06 06
06 06 06 06
06 06 06 06
06 06 06 06
06 06 06 06
